name: btyper3_env
channels:
  - conda-forge
  - bioconda
  - defaults
dependencies:
  - _libgcc_mutex=0.1=conda_forge
  - _openmp_mutex=4.5=2_gnu
  - biopython=1.81=py310h1fa729e_0
  - blast=2.14.0=h7d5a4b4_1
  - btyper3=3.3.4=pyhdfd78af_0
  - bzip2=1.0.8=h7f98852_4
  - c-ares=1.19.0=hd590300_0
  - ca-certificates=2023.5.7=hbcca054_0
  - curl=8.1.0=h409715c_0
  - entrez-direct=16.2=he881be0_1
  - gettext=0.21.1=h27087fc_0
  - keyutils=1.6.1=h166bdaf_0
  - krb5=1.20.1=h81ceb04_0
  - ld_impl_linux-64=2.40=h41732ed_0
  - libblas=3.9.0=16_linux64_openblas
  - libcblas=3.9.0=16_linux64_openblas
  - libcurl=8.1.0=h409715c_0
  - libedit=3.1.20191231=he28a2e2_2
  - libev=4.33=h516909a_1
  - libffi=3.4.2=h7f98852_5
  - libgcc-ng=12.2.0=h65d4601_19
  - libgfortran-ng=12.2.0=h69a702a_19
  - libgfortran5=12.2.0=h337968e_19
  - libgomp=12.2.0=h65d4601_19
  - libidn2=2.3.4=h166bdaf_0
  - liblapack=3.9.0=16_linux64_openblas
  - libnghttp2=1.52.0=h61bc06f_0
  - libnsl=2.0.0=h7f98852_0
  - libopenblas=0.3.21=pthreads_h78a6416_3
  - libsqlite=3.42.0=h2797004_0
  - libssh2=1.10.0=hf14f497_3
  - libstdcxx-ng=12.2.0=h46fd767_19
  - libunistring=0.9.10=h7f98852_0
  - libuuid=2.38.1=h0b41bf4_0
  - libzlib=1.2.13=h166bdaf_4
  - ncurses=6.3=h27087fc_1
  - numpy=1.24.3=py310ha4c1d20_0
  - openssl=3.1.0=hd590300_3
  - pandas=2.0.1=py310h7cbd5c2_1
  - pcre=8.45=h9c3ff4c_0
  - perl=5.32.1=2_h7f98852_perl5
  - perl-archive-tar=2.40=pl5321hdfd78af_0
  - perl-carp=1.38=pl5321hdfd78af_4
  - perl-common-sense=3.75=pl5321hdfd78af_0
  - perl-compress-raw-bzip2=2.201=pl5321h87f3376_1
  - perl-compress-raw-zlib=2.105=pl5321h87f3376_0
  - perl-encode=3.19=pl5321hec16e2b_1
  - perl-exporter=5.72=pl5321hdfd78af_2
  - perl-exporter-tiny=1.002002=pl5321hdfd78af_0
  - perl-extutils-makemaker=7.70=pl5321hd8ed1ab_0
  - perl-io-compress=2.201=pl5321hdbdd923_2
  - perl-io-zlib=1.14=pl5321hdfd78af_0
  - perl-json=4.10=pl5321hdfd78af_0
  - perl-json-xs=2.34=pl5321h4ac6f70_6
  - perl-list-moreutils=0.430=pl5321hdfd78af_0
  - perl-list-moreutils-xs=0.430=pl5321h031d066_2
  - perl-parent=0.236=pl5321hdfd78af_2
  - perl-pathtools=3.75=pl5321hec16e2b_3
  - perl-scalar-list-utils=1.62=pl5321hec16e2b_1
  - perl-types-serialiser=1.01=pl5321hdfd78af_0
  - pip=23.1.2=pyhd8ed1ab_0
  - pyfastani=0.4.1=py310h6cc9453_3
  - python=3.10.11=he550d4f_0_cpython
  - python-dateutil=2.8.2=pyhd8ed1ab_0
  - python-tzdata=2023.3=pyhd8ed1ab_0
  - python_abi=3.10=3_cp310
  - pytz=2023.3=pyhd8ed1ab_0
  - readline=8.2=h8228510_1
  - setuptools=67.7.2=pyhd8ed1ab_0
  - six=1.16.0=pyh6c4a22f_0
  - tk=8.6.12=h27826a3_0
  - tzdata=2023c=h71feb2d_0
  - wget=1.20.3=ha35d2d1_1
  - wheel=0.40.0=pyhd8ed1ab_0
  - xz=5.2.6=h166bdaf_0
  - zlib=1.2.13=h166bdaf_4
  - zstd=1.5.2=h3eb15da_6
prefix: /opt/conda/envs/btyper3_env
